%YAML:1.0
cam_overlaps: []
camera_model: "pinhole"
focal: 8.9209908187522051e+03
D: [-0.39181897115289005, 0.07836961680001531, 0.0008710038384614853,0.005320044082720045]
KMat: !!opencv-matrix
    rows:3
    cols:3
    dt:d
    data:[1997.1639597913236,0, 920.7784863115788,0, 1996.5328505075765, 534.5081911832654, 0, 0, 1]
distortion_model: radtan
RMat: !!opencv-matrix
   rows: 3
   cols: 3
   dt: f
   data: [ 9.64642167e-01, -1.57692418e-01, 2.11183220e-01,
       2.13511288e-03, 8.05913091e-01, 5.92029870e-01, -2.63553947e-01,
       -5.70646107e-01, 7.77754545e-01 ]
EYEMat: !!opencv-matrix
    rows:3
    cols:3
    dt:u
    data:[1,0,0,0,1,0,0,0,1]
K: [1997.1639597913236,0, 1996.5328505075765,0, 920.7784863115788, 534.5081911832654, 0, 0, 1]
R: [0.94629383, 0.053550854, -0.31884193, -0.00074613484, 0.9865464, 0.16348019, 0.32330686, -0.1544624, 0.93360269]
resolution: [1920, 1080]
rostopic: "/cam0/image_raw"

