%YAML:1.0
cam_overlaps: []
camera_model: "pinhole"
focal: 9.0027211214439212e+03
D: [-0.34290641446838593, 0.08129809301557396, -0.009293441792089272,0.009299174491779109]
KMat: !!opencv-matrix
    rows:3
    cols:3
    dt:d
    data:[1855.2821503463251,0, 876.9118483321414,0, 1856.6956887402812, 579.5406839287272,0,0,1]
distortion_model: radtan
RMat: !!opencv-matrix
   rows: 3
   cols: 3
   dt: f
   data: [ 9.94651616e-01, 6.11985475e-02, -8.32033977e-02,
       -8.98078491e-04, 8.10654461e-01, 5.85524082e-01, 1.03282444e-01,
       -5.82317710e-01, 8.06373715e-01 ]
EYEMat: !!opencv-matrix
    rows:3
    cols:3
    dt:u
    data:[1,0,0,0,1,0,0,0,1]
K: [1855.2821503463251,0, 1856.6956887402812,0, 876.9118483321414, 579.5406839287272,0,0,1]
R: [0.94629383, 0.053550854, -0.31884193, -0.00074613484, 0.9865464, 0.16348019, 0.32330686, -0.1544624, 0.93360269]
resolution: [1920, 1080]
rostopic: "/cam0/image_raw"

